pred:53.787319	corr:27.000000		loss:0.992123		R2:0.000000		l_avg:0.992123	
pred:49.199104	corr:13.000000		loss:2.784546		R2:-19.693221		l_avg:1.888335	
pred:43.177685	corr:15.000000		loss:1.878512		R2:-23.609746		l_avg:1.885061	
